OP_bin_limit	OP_value	Weight
-2.564103e-03	0.000000e+00	0.000000e+00
2.564103e-03	5.128205e-03	4.543751e+00
7.692308e-03	1.025641e-02	4.527066e+00
1.282051e-02	1.538462e-02	4.925412e+00
1.794872e-02	2.051282e-02	5.251873e+00
2.307692e-02	2.564103e-02	5.609242e+00
2.820513e-02	3.076923e-02	5.726108e+00
3.333333e-02	3.589744e-02	5.861714e+00
3.846154e-02	4.102564e-02	6.022225e+00
4.358974e-02	4.615385e-02	6.073431e+00
4.871795e-02	5.128205e-02	6.052470e+00
5.384615e-02	5.641026e-02	6.109290e+00
5.897436e-02	6.153846e-02	6.199487e+00
6.410256e-02	6.666667e-02	6.248648e+00
6.923077e-02	7.179487e-02	6.296188e+00
7.435897e-02	7.692308e-02	6.461059e+00
7.948718e-02	8.205128e-02	6.457989e+00
8.461538e-02	8.717949e-02	6.670990e+00
8.974359e-02	9.230769e-02	6.775743e+00
9.487179e-02	9.743590e-02	6.872291e+00
1.000000e-01	1.025641e-01	6.950117e+00
1.051282e-01	1.076923e-01	7.004951e+00
1.102564e-01	1.128205e-01	7.124352e+00
1.153846e-01	1.179487e-01	7.104606e+00
1.205128e-01	1.230769e-01	7.025850e+00
1.256410e-01	1.282051e-01	7.000612e+00
1.307692e-01	1.333333e-01	6.809470e+00
1.358974e-01	1.384615e-01	6.562980e+00
1.410256e-01	1.435897e-01	6.483579e+00
1.461538e-01	1.487179e-01	5.991487e+00
1.512821e-01	1.538462e-01	5.859085e+00
1.564103e-01	1.589744e-01	5.334740e+00
1.615385e-01	1.641026e-01	5.163111e+00
1.666667e-01	1.692308e-01	4.670512e+00
1.717949e-01	1.743590e-01	3.996958e+00
1.769231e-01	1.794872e-01	3.392568e+00
1.820513e-01	1.846154e-01	2.931886e+00
1.871795e-01	1.897436e-01	2.412640e+00
1.923077e-01	1.948718e-01	1.769901e+00
1.974359e-01	2.000000e-01	4.249874e-01
2.025641e-01
